4.070000000000000000e+02
1.490000000000000000e+02
8.440000000000000000e+02
7.760000000000000000e+02
7.740000000000000000e+02
7.010000000000000000e+02
8.510000000000000000e+02
4.530000000000000000e+02
1.930000000000000000e+02
8.200000000000000000e+02
6.780000000000000000e+02
9.850000000000000000e+02
3.790000000000000000e+02
8.650000000000000000e+02
6.390000000000000000e+02
2.810000000000000000e+02
1.910000000000000000e+02
2.900000000000000000e+02
4.710000000000000000e+02
9.400000000000000000e+01
1.850000000000000000e+02
3.350000000000000000e+02
1.450000000000000000e+02
6.550000000000000000e+02
9.500000000000000000e+02
7.670000000000000000e+02
7.280000000000000000e+02
5.300000000000000000e+02
9.390000000000000000e+02
2.400000000000000000e+02
3.420000000000000000e+02
3.630000000000000000e+02
9.070000000000000000e+02
4.400000000000000000e+01
6.200000000000000000e+01
3.100000000000000000e+02
3.380000000000000000e+02
2.220000000000000000e+02
9.300000000000000000e+02
5.660000000000000000e+02
8.030000000000000000e+02
5.260000000000000000e+02
2.430000000000000000e+02
5.020000000000000000e+02
5.210000000000000000e+02
5.490000000000000000e+02
4.120000000000000000e+02
3.630000000000000000e+02
8.040000000000000000e+02
8.230000000000000000e+02
7.940000000000000000e+02
8.920000000000000000e+02
2.750000000000000000e+02
1.840000000000000000e+02
9.650000000000000000e+02
2.700000000000000000e+02
5.750000000000000000e+02
5.450000000000000000e+02
8.490000000000000000e+02
6.810000000000000000e+02
1.250000000000000000e+02
2.590000000000000000e+02
2.110000000000000000e+02
5.470000000000000000e+02
4.670000000000000000e+02
5.470000000000000000e+02
7.640000000000000000e+02
1.230000000000000000e+02
8.370000000000000000e+02
4.980000000000000000e+02
8.100000000000000000e+01
8.050000000000000000e+02
6.480000000000000000e+02
8.270000000000000000e+02
9.840000000000000000e+02
8.030000000000000000e+02
8.640000000000000000e+02
1.730000000000000000e+02
5.690000000000000000e+02
7.590000000000000000e+02
1.700000000000000000e+01
1.770000000000000000e+02
4.650000000000000000e+02
8.900000000000000000e+02
2.250000000000000000e+02
5.730000000000000000e+02
9.860000000000000000e+02
7.500000000000000000e+01
9.150000000000000000e+02
6.140000000000000000e+02
6.220000000000000000e+02
1.840000000000000000e+02
6.480000000000000000e+02
1.700000000000000000e+02
1.780000000000000000e+02
9.110000000000000000e+02
7.820000000000000000e+02
5.080000000000000000e+02
5.510000000000000000e+02
6.590000000000000000e+02
